0.99981798 -0.00039171 -0.01907473 -0.04478837 0.00004798 0.99983767 -0.01801755 0.00606907 0.01907869 0.01801336 0.99965570 0.04080864
0.99981798 -0.00039171 -0.01907473 -0.04478837 0.00004798 0.99983767 -0.01801755 0.00606907 0.01907869 0.01801336 0.99965570 0.04080864
0.99981798 -0.00039171 -0.01907473 -0.04478837 0.00004798 0.99983767 -0.01801755 0.00606907 0.01907869 0.01801336 0.99965570 0.04080864
0.99981798 -0.00039171 -0.01907473 -0.04478837 0.00004798 0.99983767 -0.01801755 0.00606907 0.01907869 0.01801336 0.99965570 0.04080864
0.99981798 -0.00039171 -0.01907473 -0.04478837 0.00004798 0.99983767 -0.01801755 0.00606907 0.01907869 0.01801336 0.99965570 0.04080864
0.99981798 -0.00039171 -0.01907473 -0.04478837 0.00004798 0.99983767 -0.01801755 0.00606907 0.01907869 0.01801336 0.99965570 0.04080864
0.99981798 -0.00039171 -0.01907473 -0.04478837 0.00004798 0.99983767 -0.01801755 0.00606907 0.01907869 0.01801336 0.99965570 0.04080864
0.99981798 -0.00039171 -0.01907473 -0.04478837 0.00004798 0.99983767 -0.01801755 0.00606907 0.01907869 0.01801336 0.99965570 0.04080864
0.99981798 -0.00039171 -0.01907473 -0.04478837 0.00004798 0.99983767 -0.01801755 0.00606907 0.01907869 0.01801336 0.99965570 0.04080864
0.99981798 -0.00039171 -0.01907473 -0.04478837 0.00004798 0.99983767 -0.01801755 0.00606907 0.01907869 0.01801336 0.99965570 0.04080864
0.99981798 -0.00039171 -0.01907473 -0.04478837 0.00004798 0.99983767 -0.01801755 0.00606907 0.01907869 0.01801336 0.99965570 0.04080864
0.99981798 -0.00039171 -0.01907473 -0.04478837 0.00004798 0.99983767 -0.01801755 0.00606907 0.01907869 0.01801336 0.99965570 0.04080864
0.99981798 -0.00039171 -0.01907473 -0.04478837 0.00004798 0.99983767 -0.01801755 0.00606907 0.01907869 0.01801336 0.99965570 0.04080864
0.99981798 -0.00039171 -0.01907473 -0.04478837 0.00004798 0.99983767 -0.01801755 0.00606907 0.01907869 0.01801336 0.99965570 0.04080864
0.99981798 -0.00039171 -0.01907473 -0.04478837 0.00004798 0.99983767 -0.01801755 0.00606907 0.01907869 0.01801336 0.99965570 0.04080864
0.99981798 -0.00039171 -0.01907473 -0.04478837 0.00004798 0.99983767 -0.01801755 0.00606907 0.01907869 0.01801336 0.99965570 0.04080864
0.99981798 -0.00039171 -0.01907473 -0.04478837 0.00004798 0.99983767 -0.01801755 0.00606907 0.01907869 0.01801336 0.99965570 0.04080864
0.99981798 -0.00039171 -0.01907473 -0.04478837 0.00004798 0.99983767 -0.01801755 0.00606907 0.01907869 0.01801336 0.99965570 0.04080864
0.99981798 -0.00039171 -0.01907473 -0.04478837 0.00004798 0.99983767 -0.01801755 0.00606907 0.01907869 0.01801336 0.99965570 0.04080864
0.99981798 -0.00039171 -0.01907473 -0.04478837 0.00004798 0.99983767 -0.01801755 0.00606907 0.01907869 0.01801336 0.99965570 0.04080864
0.99981798 -0.00039171 -0.01907473 -0.04478837 0.00004798 0.99983767 -0.01801755 0.00606907 0.01907869 0.01801336 0.99965570 0.04080864
0.99981798 -0.00039171 -0.01907473 -0.04478837 0.00004798 0.99983767 -0.01801755 0.00606907 0.01907869 0.01801336 0.99965570 0.04080864
0.99981798 -0.00039171 -0.01907473 -0.04478837 0.00004798 0.99983767 -0.01801755 0.00606907 0.01907869 0.01801336 0.99965570 0.04080864
0.99981798 -0.00039171 -0.01907473 -0.04478837 0.00004798 0.99983767 -0.01801755 0.00606907 0.01907869 0.01801336 0.99965570 0.04080864
0.99981798 -0.00039171 -0.01907473 -0.04478837 0.00004798 0.99983767 -0.01801755 0.00606907 0.01907869 0.01801336 0.99965570 0.04080864
0.99981798 -0.00039171 -0.01907473 -0.04478837 0.00004798 0.99983767 -0.01801755 0.00606907 0.01907869 0.01801336 0.99965570 0.04080864
0.99981798 -0.00039171 -0.01907473 -0.04478837 0.00004798 0.99983767 -0.01801755 0.00606907 0.01907869 0.01801336 0.99965570 0.04080864
0.99981798 -0.00039171 -0.01907473 -0.04478837 0.00004798 0.99983767 -0.01801755 0.00606907 0.01907869 0.01801336 0.99965570 0.04080864
0.99981798 -0.00039171 -0.01907473 -0.04478837 0.00004798 0.99983767 -0.01801755 0.00606907 0.01907869 0.01801336 0.99965570 0.04080864
0.99981798 -0.00039171 -0.01907473 -0.04478837 0.00004798 0.99983767 -0.01801755 0.00606907 0.01907869 0.01801336 0.99965570 0.04080864
0.99981798 -0.00039171 -0.01907473 -0.04478837 0.00004798 0.99983767 -0.01801755 0.00606907 0.01907869 0.01801336 0.99965570 0.04080864
0.99981798 -0.00039171 -0.01907473 -0.04478837 0.00004798 0.99983767 -0.01801755 0.00606907 0.01907869 0.01801336 0.99965570 0.04080864
0.99981798 -0.00039171 -0.01907473 -0.04478837 0.00004798 0.99983767 -0.01801755 0.00606907 0.01907869 0.01801336 0.99965570 0.04080864
0.99981798 -0.00039171 -0.01907473 -0.04478837 0.00004798 0.99983767 -0.01801755 0.00606907 0.01907869 0.01801336 0.99965570 0.04080864
0.99981798 -0.00039171 -0.01907473 -0.04478837 0.00004798 0.99983767 -0.01801755 0.00606907 0.01907869 0.01801336 0.99965570 0.04080864
0.99981798 -0.00039171 -0.01907473 -0.04478837 0.00004798 0.99983767 -0.01801755 0.00606907 0.01907869 0.01801336 0.99965570 0.04080864
0.99981798 -0.00039171 -0.01907473 -0.04478837 0.00004798 0.99983767 -0.01801755 0.00606907 0.01907869 0.01801336 0.99965570 0.04080864
0.99981798 -0.00039171 -0.01907473 -0.04478837 0.00004798 0.99983767 -0.01801755 0.00606907 0.01907869 0.01801336 0.99965570 0.04080864
0.99981798 -0.00039171 -0.01907473 -0.04478837 0.00004798 0.99983767 -0.01801755 0.00606907 0.01907869 0.01801336 0.99965570 0.04080864
0.99981798 -0.00039171 -0.01907473 -0.04478837 0.00004798 0.99983767 -0.01801755 0.00606907 0.01907869 0.01801336 0.99965570 0.04080864
0.99981798 -0.00039171 -0.01907473 -0.04478837 0.00004798 0.99983767 -0.01801755 0.00606907 0.01907869 0.01801336 0.99965570 0.04080864
0.99981798 -0.00039171 -0.01907473 -0.04478837 0.00004798 0.99983767 -0.01801755 0.00606907 0.01907869 0.01801336 0.99965570 0.04080864
